index,0,1,2
26457,0.013566885,0.194862669,0.791570446
26458,0.078250027,0.148386851,0.773363121
26459,0.038768927,0.214330531,0.746900542
26460,0.081244328,0.221216959,0.697538713
26461,0.057829882,0.258339614,0.683830505
26462,0.041973329,0.207779965,0.750246706
26463,0.339298558,0.66007409,0.000627353
26464,0.03075019,0.152112982,0.817136828
26465,0.023440526,0.21207882,0.764480654
26466,0.032265257,0.2728005,0.694934243
26467,0.022433027,0.216576201,0.760990771
26468,0.077750599,0.256656824,0.665592578
26469,0.100976644,0.317743147,0.581280209
26470,0.016586796,0.218651876,0.764761327
26471,0.049026652,0.222320754,0.728652594
26472,0.033931629,0.283837727,0.682230644
26473,0.024195018,0.266906578,0.708898404
26474,0.382886591,0.616544893,0.000568516
26475,0.075854907,0.33798474,0.586160354
26476,0.014708395,0.311636541,0.673655064
26477,0.091609093,0.276318245,0.632072661
26478,0.094545547,0.171584045,0.733870408
26479,0.133684108,0.319402389,0.546913503
26480,0.051358216,0.252046869,0.696594915
26481,0.071529352,0.363984498,0.564486149
26482,0.08927261,0.142783047,0.767944343
26483,0.028055437,0.22260923,0.749335334
26484,0.039909904,0.384767074,0.575323022
26485,0.035022971,0.10257124,0.862405789
26486,0.03599208,0.208578265,0.755429655
26487,0.101659799,0.204793363,0.693546838
26488,0.236901483,0.758411458,0.004687058
26489,0.021690198,0.351728043,0.626581759
26490,0.02657108,0.346451731,0.626977189
26491,0.054554417,0.097811498,0.847634085
26492,0.126600543,0.175228785,0.698170672
26493,0.105825061,0.893729056,0.000445882
26494,0.04495599,0.263897427,0.691146584
26495,0.016439469,0.244948625,0.738611906
26496,0.030529413,0.212238804,0.757231783
26497,0.057817989,0.478561125,0.463620886
26498,0.084008156,0.400054982,0.515936862
26499,0.027699481,0.184487369,0.78781315
26500,0.123080366,0.395935155,0.48098448
26501,0.050558185,0.174389155,0.77505266
26502,0.041089992,0.135634365,0.823275644
26503,0.195962416,0.401061753,0.402975831
26504,0.056444049,0.332087854,0.611468097
26505,0.100021394,0.137934929,0.762043677
26506,0.078353151,0.918195315,0.003451534
26507,0.067657725,0.931675581,0.000666694
26508,0.032332488,0.500885439,0.466782074
26509,0.137864684,0.273744066,0.58839125
26510,0.023266711,0.278397812,0.698335477
26511,0.054582564,0.095123355,0.850294082
26512,0.013385763,0.265671614,0.720942623
26513,0.032661238,0.383407704,0.583931058
26514,0.079392751,0.132928671,0.787678578
26515,0.136115419,0.130139743,0.733744838
26516,0.022612366,0.337033475,0.640354158
26517,0.19749235,0.802018107,0.000489543
26518,0.082478135,0.150712965,0.7668089
26519,0.048943036,0.330846588,0.620210376
26520,0.02806054,0.540800406,0.431139055
26521,0.055337049,0.215163298,0.729499653
26522,0.042107902,0.318898407,0.638993691
26523,0.07235055,0.235503325,0.692146125
26524,0.017929695,0.14847381,0.833596494
26525,0.027720263,0.363516039,0.608763698
26526,0.020957225,0.289362391,0.689680383
26527,0.032777017,0.242833673,0.72438931
26528,0.18307519,0.814630605,0.002294206
26529,0.085573202,0.10034448,0.814082319
26530,0.01809972,0.285688947,0.696211333
26531,0.080263406,0.253128369,0.666608225
26532,0.030047429,0.181694986,0.788257585
26533,0.03318163,0.167562287,0.799256083
26534,0.051790524,0.207634655,0.740574821
26535,0.117373252,0.189096527,0.693530221
26536,0.074529597,0.273623158,0.651847245
26537,0.028471211,0.132194948,0.839333841
26538,0.015191441,0.215832867,0.768975693
26539,0.028774397,0.187041593,0.784184009
26540,0.026188006,0.552438848,0.421373145
26541,0.02920939,0.193578461,0.777212149
26542,0.035095347,0.281254449,0.683650204
26543,0.205108222,0.154992271,0.639899507
26544,0.076099231,0.273696258,0.650204512
26545,0.061640901,0.340536491,0.597822609
26546,0.02783196,0.306148248,0.666019792
26547,0.08833904,0.228992759,0.682668201
26548,0.087748784,0.156211562,0.756039654
26549,0.069998527,0.929480715,0.000520758
26550,0.026347579,0.191028755,0.782623666
26551,0.060195691,0.257503469,0.68230084
26552,0.017668829,0.21536566,0.766965511
26553,0.032983154,0.13543171,0.831585137
26554,0.090485732,0.519500606,0.390013663
26555,0.048713183,0.193740123,0.757546694
26556,0.052816557,0.390626586,0.556556857
26557,0.066199811,0.178163399,0.75563679
26558,0.133517642,0.223551868,0.64293049
26559,0.078979684,0.125130333,0.795889983
26560,0.06750039,0.283995257,0.648504353
26561,0.036238179,0.345400889,0.618360932
26562,0.067987555,0.179900133,0.752112312
26563,0.038374514,0.192917876,0.76870761
26564,0.084986357,0.218596308,0.696417334
26565,0.025421253,0.418652656,0.555926091
26566,0.027852053,0.253050183,0.719097763
26567,0.025117355,0.313622414,0.661260232
26568,0.290300729,0.709387,0.000312271
26569,0.013570183,0.163747411,0.822682406
26570,0.037827074,0.413042914,0.549130012
26571,0.06817494,0.217127052,0.714698008
26572,0.035333205,0.437583517,0.527083278
26573,0.195639019,0.178614837,0.625746144
26574,0.060175555,0.137923823,0.801900622
26575,0.203046079,0.193689257,0.603264664
26576,0.06362494,0.248343086,0.688031974
26577,0.032740426,0.15130083,0.815958744
26578,0.041356293,0.377996591,0.580647116
26579,0.220988322,0.778359387,0.000652291
26580,0.024799088,0.22817394,0.747026972
26581,0.074430434,0.221755189,0.703814377
26582,0.085439101,0.246743571,0.667817328
26583,0.04095706,0.127881186,0.831161754
26584,0.017672245,0.294177425,0.688150331
26585,0.044542366,0.272189241,0.683268393
26586,0.081204709,0.364787667,0.554007625
26587,0.156106986,0.501882139,0.342010874
26588,0.038551895,0.238967085,0.72248102
26589,0.054695017,0.202798799,0.742506184
26590,0.094940361,0.38105004,0.524009599
26591,0.178414844,0.821246927,0.000338228
26592,0.045739294,0.111393432,0.842867274
26593,0.042325593,0.193940683,0.763733725
26594,0.017797911,0.199682071,0.782520018
26595,0.023243676,0.139738511,0.837017812
26596,0.019887302,0.223902392,0.756210306
26597,0.026186465,0.406101516,0.567712019
26598,0.037986455,0.230527965,0.73148558
26599,0.05904137,0.186793303,0.754165327
26600,0.080206892,0.220467918,0.69932519
26601,0.042648079,0.284812502,0.672539419
26602,0.019598901,0.213142286,0.767258813
26603,0.030948591,0.173377273,0.795674136
26604,0.018519092,0.25189162,0.729589288
26605,0.043667173,0.20330902,0.753023807
26606,0.1102772,0.306322038,0.583400762
26607,0.129888788,0.866474809,0.003636403
26608,0.017193928,0.257971853,0.724834219
26609,0.071506035,0.270480125,0.65801384
26610,0.149580987,0.842886287,0.007532726
26611,0.141199887,0.287455432,0.571344681
26612,0.058817519,0.437770006,0.503412475
26613,0.112679707,0.264411361,0.622908932
26614,0.025355496,0.214498029,0.760146474
26615,0.048874467,0.174136568,0.776988964
26616,0.22746369,0.128760887,0.643775423
26617,0.110960188,0.185775599,0.703264213
26618,0.033801605,0.186260169,0.779938226
26619,0.085314072,0.25771288,0.656973048
26620,0.085551695,0.910879911,0.003568394
26621,0.13654479,0.203165602,0.660289608
26622,0.04444884,0.402235068,0.553316092
26623,0.018232102,0.536911963,0.444855936
26624,0.025325981,0.274293799,0.70038022
26625,0.058794832,0.27881579,0.662389378
26626,0.055374303,0.260992306,0.683633391
26627,0.04017749,0.24349677,0.71632574
26628,0.030482786,0.330051949,0.639465265
26629,0.064965726,0.187000876,0.748033399
26630,0.021085426,0.217962124,0.760952451
26631,0.05944534,0.068923442,0.871631218
26632,0.132788293,0.141226549,0.725985158
26633,0.040377509,0.193817397,0.765805095
26634,0.046725705,0.083966738,0.869307557
26635,0.080825182,0.312252011,0.606922808
26636,0.036522025,0.212081123,0.751396852
26637,0.022498275,0.175733258,0.801768466
26638,0.039912891,0.574791723,0.385295386
26639,0.059502641,0.523094388,0.417402971
26640,0.035367418,0.141382103,0.823250479
26641,0.189614798,0.483916781,0.326468421
26642,0.060099708,0.420831882,0.51906841
26643,0.019043816,0.302863949,0.678092235
26644,0.016297022,0.186439403,0.797263575
26645,0.050237245,0.236605211,0.713157544
26646,0.29350293,0.114338467,0.592158604
26647,0.054483211,0.28881235,0.65670444
26648,0.040776083,0.269726707,0.68949721
26649,0.059910323,0.208314317,0.731775359
26650,0.180641718,0.817205607,0.002152675
26651,0.213570751,0.784973971,0.001455278
26652,0.06842792,0.220750134,0.710821946
26653,0.131735268,0.183660923,0.684603809
26654,0.027228603,0.423052242,0.549719155
26655,0.038664584,0.30066528,0.660670136
26656,0.065733115,0.285742545,0.64852434
26657,0.0972925,0.092696849,0.810010651
26658,0.02614172,0.210075284,0.763782996
26659,0.210533356,0.219027764,0.57043888
26660,0.030078017,0.308372522,0.661549462
26661,0.046197373,0.17108939,0.782713237
26662,0.015508675,0.158586631,0.825904694
26663,0.016245815,0.324464208,0.659289977
26664,0.032008645,0.26376742,0.704223936
26665,0.062904998,0.246334795,0.690760207
26666,0.022706954,0.260473413,0.716819633
26667,0.026584124,0.22677852,0.746637355
26668,0.057598922,0.243739632,0.698661446
26669,0.038323663,0.283299414,0.678376923
26670,0.013341733,0.21173821,0.774920057
26671,0.03396069,0.132068688,0.833970622
26672,0.025263433,0.178996645,0.795739922
26673,0.248627817,0.260830825,0.490541358
26674,0.248841759,0.14375332,0.607404921
26675,0.033341456,0.232534518,0.734124026
26676,0.068125412,0.300047754,0.631826835
26677,0.036530416,0.13407613,0.829393454
26678,0.037731948,0.310508456,0.651759596
26679,0.096473265,0.266980745,0.636545989
26680,0.015917754,0.318762201,0.665320045
26681,0.049259045,0.199190589,0.751550367
26682,0.035353585,0.265350928,0.699295487
26683,0.04644015,0.509482993,0.444076856
26684,0.05419837,0.173534305,0.772267325
26685,0.078380924,0.176657222,0.744961854
26686,0.029523254,0.322240806,0.64823594
26687,0.029280489,0.211780013,0.758939498
26688,0.04978276,0.364490312,0.585726928
26689,0.054525624,0.184874673,0.760599703
26690,0.040604546,0.186679869,0.772715584
26691,0.02450091,0.184281419,0.791217671
26692,0.007777587,0.224437003,0.76778541
26693,0.101189508,0.202376259,0.696434232
26694,0.261523649,0.737536961,0.00093939
26695,0.053040253,0.199372781,0.747586966
26696,0.024812413,0.228234576,0.746953011
26697,0.03250069,0.15928096,0.80821835
26698,0.031974347,0.096286949,0.871738704
26699,0.021589985,0.342327354,0.636082661
26700,0.047500944,0.152639897,0.799859159
26701,0.130729581,0.406411838,0.462858581
26702,0.053644304,0.524264811,0.422090885
26703,0.057507259,0.281387663,0.661105077
26704,0.044086268,0.222770779,0.733142954
26705,0.025374362,0.181175241,0.793450397
26706,0.021886046,0.149798318,0.828315636
26707,0.087486474,0.200924724,0.711588801
26708,0.025117688,0.173852742,0.80102957
26709,0.097457532,0.146577874,0.755964594
26710,0.048378003,0.195905239,0.755716757
26711,0.046282016,0.276629022,0.677088962
26712,0.061146406,0.152118776,0.786734818
26713,0.043022205,0.454260088,0.502717707
26714,0.022915788,0.242498781,0.734585432
26715,0.05814041,0.163543643,0.778315947
26716,0.061720228,0.478125425,0.460154347
26717,0.069260033,0.276578287,0.65416168
26718,0.050040649,0.188298862,0.76166049
26719,0.058418539,0.315548237,0.626033224
26720,0.073230833,0.222632699,0.704136468
26721,0.018367743,0.20677787,0.774854386
26722,0.055054032,0.205186824,0.739759144
26723,0.048069618,0.301497631,0.650432751
26724,0.119117087,0.375883958,0.504998955
26725,0.015366919,0.161984671,0.82264841
26726,0.025458143,0.34547577,0.629066087
26727,0.026488327,0.184363553,0.78914812
26728,0.020050183,0.343580301,0.636369516
26729,0.053059016,0.395531839,0.551409145
26730,0.085537781,0.395466061,0.518996158
26731,0.053051889,0.209396826,0.737551285
26732,0.278910436,0.720571926,0.000517638
26733,0.108310462,0.183656752,0.708032786
26734,0.025680351,0.174842055,0.799477594
26735,0.028223474,0.24230329,0.729473236
26736,0.093191362,0.112887571,0.793921067
26737,0.060981036,0.336029581,0.602989383
26738,0.023700043,0.216952393,0.759347564
26739,0.074681511,0.222204427,0.703114062
26740,0.028974888,0.325969916,0.645055196
26741,0.149304506,0.850015495,0.000679999
26742,0.074329062,0.328277134,0.597393804
26743,0.033581099,0.202820833,0.763598069
26744,0.044863235,0.346798533,0.608338232
26745,0.047148371,0.186513446,0.766338183
26746,0.061467552,0.40215056,0.536381887
26747,0.027879299,0.403465884,0.568654817
26748,0.058869664,0.32785732,0.613273015
26749,0.09677482,0.290593739,0.612631441
26750,0.077393475,0.166578474,0.756028051
26751,0.066683401,0.183459542,0.749857057
26752,0.04797641,0.36556728,0.58645631
26753,0.043452477,0.154657798,0.801889725
26754,0.03275815,0.155498679,0.81174317
26755,0.038212242,0.222412004,0.739375754
26756,0.060070519,0.103288485,0.836640996
26757,0.052555441,0.184079219,0.763365341
26758,0.040913057,0.181481391,0.777605551
26759,0.063610383,0.388250785,0.548138833
26760,0.033574365,0.501284184,0.465141451
26761,0.082315083,0.16529192,0.752392996
26762,0.024585054,0.190019505,0.785395442
26763,0.030533193,0.437558401,0.531908406
26764,0.054625074,0.344703342,0.600671584
26765,0.104564163,0.22562307,0.669812767
26766,0.026941668,0.567141861,0.405916471
26767,0.056709042,0.235110853,0.708180105
26768,0.13537925,0.863900474,0.000720276
26769,0.02221095,0.355544528,0.622244522
26770,0.09892772,0.588693585,0.312378695
26771,0.121023455,0.878273938,0.000702607
26772,0.177265151,0.09331179,0.729423059
26773,0.032555373,0.141297267,0.82614736
26774,0.043976911,0.276862615,0.679160475
26775,0.027160663,0.383746937,0.5890924
26776,0.087682736,0.253009313,0.659307951
26777,0.082607375,0.05282252,0.864570106
26778,0.051336611,0.264065102,0.684598287
26779,0.054372493,0.136220782,0.809406725
26780,0.089242951,0.32327636,0.587480688
26781,0.046038978,0.219478499,0.734482523
26782,0.063699231,0.136045423,0.800255345
26783,0.101433848,0.269200765,0.629365388
26784,0.042200467,0.305735032,0.6520645
26785,0.114221017,0.327264361,0.558514622
26786,0.223390153,0.294102658,0.48250719
26787,0.061170589,0.263698479,0.675130932
26788,0.027863647,0.470889456,0.501246897
26789,0.047360805,0.275070667,0.677568528
26790,0.088183653,0.308365919,0.603450429
26791,0.052565715,0.148315213,0.799119073
26792,0.068887231,0.302151645,0.628961125
26793,0.055072303,0.238424054,0.706503643
26794,0.045823591,0.181609997,0.772566412
26795,0.05096441,0.186874014,0.762161576
26796,0.146694305,0.852890387,0.000415308
26797,0.027322524,0.330409989,0.642267487
26798,0.184245542,0.306905469,0.508848989
26799,0.03430271,0.193698821,0.771998469
26800,0.061773019,0.936606958,0.001620023
26801,0.055868725,0.191589192,0.752542082
26802,0.080937043,0.244748863,0.674314094
26803,0.019419664,0.151987181,0.828593156
26804,0.027745357,0.369577603,0.602677039
26805,0.012612601,0.078727723,0.908659676
26806,0.015411626,0.161871696,0.822716678
26807,0.039874949,0.267544426,0.692580625
26808,0.060644656,0.390330706,0.549024638
26809,0.053642679,0.397477643,0.548879678
26810,0.014988782,0.184248316,0.800762903
26811,0.015436007,0.266263647,0.718300345
26812,0.015966728,0.172014011,0.812019261
26813,0.03614301,0.335744947,0.628112043
26814,0.055457234,0.217958542,0.726584225
26815,0.017120576,0.308949341,0.673930083
26816,0.027471482,0.339011567,0.63351695
26817,0.182384806,0.064346733,0.753268461
26818,0.096538628,0.181981686,0.721479686
26819,0.041462398,0.251353824,0.707183778
26820,0.105412876,0.893961208,0.000625916
26821,0.091196878,0.90746808,0.001335041
26822,0.059404242,0.238359265,0.702236493
26823,0.033737016,0.145814828,0.820448156
26824,0.075070852,0.248978739,0.675950409
26825,0.057839363,0.326970185,0.615190452
26826,0.043337031,0.105072353,0.851590616
26827,0.053525762,0.480790591,0.465683647
26828,0.036780239,0.206963224,0.756256538
26829,0.018228562,0.23126626,0.750505178
26830,0.085617758,0.407986134,0.506396108
26831,0.123765329,0.145650263,0.730584408
26832,0.020905936,0.225179532,0.753914532
26833,0.043378357,0.237084349,0.719537294
26834,0.034692211,0.256517312,0.708790477
26835,0.200851256,0.186930767,0.612217977
26836,0.088195215,0.444077135,0.46772765
26837,0.028788536,0.096870619,0.874340845
26838,0.12066439,0.312084081,0.567251529
26839,0.18010849,0.267962469,0.551929041
26840,0.110685879,0.283654904,0.605659217
26841,0.035197487,0.163663418,0.801139095
26842,0.019562207,0.346039186,0.634398607
26843,0.042180616,0.187236505,0.770582879
26844,0.056751247,0.554110678,0.389138075
26845,0.219890441,0.241937178,0.538172381
26846,0.048713227,0.263903071,0.687383701
26847,0.036606942,0.161515357,0.801877701
26848,0.080677071,0.142702184,0.776620745
26849,0.04734403,0.240495569,0.712160402
26850,0.02197206,0.306485037,0.671542903
26851,0.044387141,0.22543328,0.730179579
26852,0.038608659,0.242887413,0.718503928
26853,0.036213201,0.252267267,0.711519532
26854,0.034570996,0.964927844,0.00050116
26855,0.076643582,0.43090824,0.492448177
26856,0.042715369,0.174637121,0.78264751
26857,0.064752584,0.227832027,0.707415388
26858,0.032764211,0.575783611,0.391452178
26859,0.027284561,0.537114749,0.43560069
26860,0.02577791,0.654361603,0.319860487
26861,0.074841241,0.277902611,0.647256149
26862,0.02928011,0.222484291,0.748235599
26863,0.06226587,0.199482852,0.738251278
26864,0.087881758,0.294175626,0.617942617
26865,0.012947552,0.054728679,0.93232377
26866,0.055371347,0.255393613,0.68923504
26867,0.186292261,0.119770524,0.693937214
26868,0.020850012,0.117053512,0.862096476
26869,0.023713537,0.072944684,0.90334178
26870,0.06784858,0.469573512,0.462577908
26871,0.027428842,0.196206435,0.776364723
26872,0.057573578,0.271178842,0.671247579
26873,0.023497234,0.366636919,0.609865847
26874,0.042620216,0.230493967,0.726885818
26875,0.026854771,0.304658181,0.668487048
26876,0.025479704,0.125786739,0.848733557
26877,0.067306887,0.168680995,0.764012119
26878,0.114956,0.286370605,0.598673395
26879,0.105684858,0.235362399,0.658952743
26880,0.071159072,0.131371872,0.797469056
26881,0.044334902,0.355806307,0.599858791
26882,0.115607634,0.273282246,0.611110121
26883,0.051884191,0.298377971,0.649737839
26884,0.083369696,0.305994308,0.610635996
26885,0.04525486,0.167513253,0.787231886
26886,0.026014508,0.313438255,0.660547237
26887,0.008839591,0.135160396,0.856000013
26888,0.054399456,0.379065432,0.566535112
26889,0.037843958,0.212739163,0.749416879
26890,0.030475424,0.428260379,0.541264197
26891,0.041958767,0.329301288,0.628739946
26892,0.198867435,0.175133415,0.62599915
26893,0.014323956,0.175789736,0.809886308
26894,0.019627437,0.313694754,0.666677809
26895,0.077451306,0.316612226,0.605936468
26896,0.032300249,0.250279029,0.717420722
26897,0.035598392,0.382751776,0.581649831
26898,0.019245783,0.2042856,0.776468617
26899,0.077613262,0.398441692,0.523945046
26900,0.089684093,0.250779821,0.659536086
26901,0.029208242,0.215417903,0.755373855
26902,0.054754802,0.06923455,0.876010648
26903,0.050293364,0.278818623,0.670888014
26904,0.155966481,0.834461644,0.009571875
26905,0.057949088,0.18427213,0.757778781
26906,0.021167386,0.11002885,0.868803764
26907,0.025236738,0.107250207,0.867513055
26908,0.037969634,0.284681206,0.67734916
26909,0.030625496,0.353630257,0.615744248
26910,0.033475349,0.329077859,0.637446792
26911,0.031990345,0.31041953,0.657590124
26912,0.019506828,0.135471157,0.845022015
26913,0.119315288,0.218962749,0.661721963
26914,0.027987213,0.196291432,0.775721355
26915,0.044408679,0.125752232,0.829839089
26916,0.068621564,0.931062392,0.000316044
26917,0.072329209,0.276512768,0.651158023
26918,0.073025391,0.195870135,0.731104474
26919,0.067430459,0.385377222,0.547192319
26920,0.050139283,0.386633715,0.563227002
26921,0.049235251,0.560101312,0.390663437
26922,0.032292982,0.437606157,0.530100861
26923,0.044847599,0.159980144,0.795172257
26924,0.026160829,0.131278807,0.842560363
26925,0.035584006,0.070065464,0.89435053
26926,0.062388103,0.202251977,0.73535992
26927,0.055683754,0.368492033,0.575824213
26928,0.098354036,0.898691076,0.002954887
26929,0.029645595,0.330490518,0.639863888
26930,0.038002525,0.220476027,0.741521448
26931,0.216652239,0.782814832,0.000532929
26932,0.137231312,0.249095701,0.613672988
26933,0.343880319,0.164293488,0.491826193
26934,0.050931254,0.270541712,0.678527034
26935,0.065133833,0.270057337,0.66480883
26936,0.035559332,0.248326135,0.716114533
26937,0.044097532,0.279072632,0.676829836
26938,0.253172329,0.745918865,0.000908806
26939,0.107394936,0.886142701,0.006462363
26940,0.021442002,0.174409967,0.80414803
26941,0.087010697,0.177133887,0.735855416
26942,0.02321942,0.237937922,0.738842658
26943,0.038239161,0.387937783,0.573823055
26944,0.037632626,0.150538499,0.811828874
26945,0.016791053,0.37584982,0.607359128
26946,0.061220322,0.276321252,0.662458425
26947,0.022183642,0.194350352,0.783466006
26948,0.104252185,0.254808695,0.64093912
26949,0.117465247,0.210491176,0.672043577
26950,0.106884959,0.27836543,0.614749611
26951,0.286511578,0.316413236,0.397075187
26952,0.085275999,0.29363024,0.621093761
26953,0.021377735,0.025554929,0.953067336
26954,0.009354435,0.354471478,0.636174088
26955,0.091502244,0.237491209,0.671006547
26956,0.089827607,0.300962971,0.609209421
26957,0.110542794,0.422965008,0.466492198
26958,0.088036886,0.202570189,0.709392925
26959,0.025014286,0.310084664,0.66490105
26960,0.023861137,0.324042829,0.652096034
26961,0.04812787,0.183191149,0.76868098
26962,0.020621397,0.321339135,0.658039469
26963,0.101189508,0.202376259,0.696434232
26964,0.050690946,0.191267304,0.75804175
26965,0.049224288,0.248565362,0.702210349
26966,0.032300249,0.250279029,0.717420722
26967,0.024350484,0.150956721,0.824692795
26968,0.056915313,0.254212472,0.688872215
26969,0.016444025,0.337209794,0.646346182
26970,0.048760813,0.334909248,0.61632994
26971,0.069540419,0.263867296,0.666592284
26972,0.025884295,0.332816941,0.641298764
26973,0.043421357,0.128332991,0.828245652
26974,0.170557881,0.151148673,0.678293446
26975,0.069493189,0.179843015,0.750663795
26976,0.087775811,0.909375448,0.002848741
26977,0.049992187,0.230603292,0.719404521
26978,0.036380346,0.135166387,0.828453268
26979,0.032986096,0.329046,0.637967903
26980,0.032878438,0.261916126,0.705205437
26981,0.02687925,0.4957535,0.477367249
26982,0.04319383,0.282271583,0.674534587
26983,0.057662647,0.206187969,0.736149384
26984,0.018880451,0.075674022,0.905445527
26985,0.031939363,0.27951278,0.688547856
26986,0.05226647,0.067287559,0.880445971
26987,0.040322839,0.204773042,0.754904119
26988,0.073191426,0.556894852,0.369913722
26989,0.034177361,0.229009857,0.736812782
26990,0.055855228,0.18369136,0.760453412
26991,0.078740033,0.269797982,0.651461986
26992,0.042532159,0.648812351,0.308655489
26993,0.02519182,0.331843888,0.642964292
26994,0.135313005,0.188193533,0.676493462
26995,0.022395752,0.227933621,0.749670627
26996,0.026564736,0.172113176,0.801322088
26997,0.083417892,0.477245584,0.439336524
26998,0.041735905,0.225862186,0.73240191
26999,0.151067511,0.155695363,0.693237126
27000,0.069445004,0.437819835,0.492735161
27001,0.032468783,0.202027706,0.76550351
27002,0.024120821,0.183949549,0.79192963
27003,0.116378549,0.320647161,0.56297429
27004,0.032000228,0.213297638,0.754702134
27005,0.027011213,0.255106892,0.717881896
27006,0.048293408,0.172493725,0.779212867
27007,0.040308433,0.470430085,0.489261482
27008,0.070515834,0.234075865,0.695408301
27009,0.110823292,0.354888324,0.534288384
27010,0.05266204,0.396957821,0.550380138
27011,0.046744028,0.395449434,0.557806538
27012,0.037803009,0.122103615,0.840093376
27013,0.099440489,0.222617213,0.677942298
27014,0.019545851,0.350427367,0.630026781
27015,0.093108887,0.321621377,0.585269736
27016,0.089555936,0.239485837,0.670958226
27017,0.062275754,0.205388685,0.732335562
27018,0.060065797,0.199146315,0.740787888
27019,0.031329748,0.28245054,0.686219712
27020,0.110374924,0.483209609,0.406415467
27021,0.04117269,0.20811779,0.750709521
27022,0.037990499,0.12371704,0.838292462
27023,0.177537868,0.371977847,0.450484285
27024,0.010163233,0.240069624,0.749767142
27025,0.028436492,0.282283886,0.689279622
27026,0.051025259,0.177666472,0.771308269
27027,0.099529484,0.26848262,0.631987896
27028,0.182524378,0.141917617,0.675558005
27029,0.050461842,0.204921617,0.74461654
27030,0.092732563,0.62165655,0.285610887
27031,0.149164756,0.364730124,0.48610512
27032,0.049571998,0.268754947,0.681673055
27033,0.086250959,0.169533027,0.744216014
27034,0.016537887,0.084117213,0.8993449
27035,0.181036504,0.185862485,0.633101011
27036,0.131122287,0.289292063,0.579585651
27037,0.074471737,0.200981725,0.724546538
27038,0.078465234,0.244860456,0.676674309
27039,0.055571848,0.273282362,0.67114579
27040,0.029304941,0.210599258,0.760095801
27041,0.027100907,0.067459849,0.905439244
27042,0.3065632,0.693085469,0.000351332
27043,0.050680985,0.184083869,0.765235146
27044,0.030180491,0.211017336,0.758802174
27045,0.021078541,0.288701452,0.690220007
27046,0.027284967,0.222590508,0.750124525
27047,0.054288606,0.379227785,0.566483609
27048,0.140323457,0.859009211,0.000667332
27049,0.113892239,0.56011733,0.325990431
27050,0.022198079,0.165369455,0.812432466
27051,0.014008618,0.238090696,0.747900685
27052,0.034546265,0.211378186,0.754075549
27053,0.012045307,0.206433639,0.781521053
27054,0.214374354,0.27141797,0.514207676
27055,0.223181302,0.77638111,0.000437588
27056,0.161060881,0.838145821,0.000793299
27057,0.027012551,0.325607815,0.647379634
27058,0.033263141,0.194902447,0.771834412
27059,0.107213436,0.24780528,0.644981283
27060,0.014962323,0.15725318,0.827784497
27061,0.129935326,0.275030757,0.595033917
27062,0.031412389,0.269407909,0.699179702
27063,0.05417283,0.13518487,0.8106423
27064,0.02764799,0.036693233,0.935658777
27065,0.04995266,0.376958747,0.573088593
27066,0.024367755,0.070360711,0.905271534
27067,0.021335247,0.406379344,0.572285409
27068,0.162933857,0.244298466,0.592767677
27069,0.019069291,0.229334883,0.751595826
27070,0.047229203,0.184735954,0.768034843
27071,0.045050308,0.155290159,0.799659533
27072,0.051536862,0.260882982,0.687580156
27073,0.046023234,0.258058428,0.695918338
27074,0.02671998,0.369465749,0.603814271
27075,0.134122056,0.20385607,0.662021874
27076,0.076516634,0.220880847,0.702602519
27077,0.061815221,0.189467966,0.748716813
27078,0.015158886,0.143424663,0.84141645
27079,0.098341425,0.322399519,0.579259056
27080,0.041137495,0.687457954,0.271404551
27081,0.046625109,0.238028938,0.715345952
27082,0.105782951,0.138459057,0.755757992
27083,0.082172355,0.218711335,0.699116311
27084,0.063685949,0.359969669,0.576344382
27085,0.069413525,0.124185967,0.806400508
27086,0.121568545,0.216115009,0.662316446
27087,0.02832584,0.365842861,0.605831298
27088,0.027258464,0.277418783,0.695322753
27089,0.068401535,0.23815864,0.693439826
27090,0.041011948,0.25777433,0.701213722
27091,0.048740276,0.199870322,0.751389402
27092,0.116472477,0.880661825,0.002865698
27093,0.056925177,0.385982086,0.557092737
27094,0.146403284,0.239163797,0.614432919
27095,0.025754286,0.168928876,0.805316838
27096,0.054269108,0.396369437,0.549361456
27097,0.028674114,0.603186918,0.368138969
27098,0.039764612,0.333937687,0.626297701
27099,0.174636677,0.31240849,0.512954833
27100,0.032243205,0.1160046,0.851752196
27101,0.037853374,0.358011197,0.604135429
27102,0.015551102,0.23436565,0.750083248
27103,0.030031678,0.321287209,0.648681113
27104,0.071211956,0.184815971,0.743972073
27105,0.040132149,0.165035586,0.794832266
27106,0.053050236,0.134278868,0.812670897
27107,0.036703328,0.138816306,0.824480366
27108,0.036367535,0.27898511,0.684647355
27109,0.050860136,0.238994978,0.710144887
27110,0.048328408,0.295139638,0.656531954
27111,0.066524873,0.194792849,0.738682278
27112,0.27990879,0.14319043,0.576900779
27113,0.0287037,0.286465986,0.684830314
27114,0.122514248,0.107791267,0.769694485
27115,0.073102243,0.463030511,0.463867246
27116,0.086778642,0.398106856,0.515114502
27117,0.089166689,0.845876454,0.064956857
27118,0.021586449,0.159666114,0.818747437
27119,0.050828959,0.712123754,0.237047287
27120,0.189833205,0.809217642,0.000949152
27121,0.083660255,0.91528236,0.001057385
27122,0.028232208,0.251590496,0.720177296
27123,0.062237036,0.213644818,0.724118147
27124,0.052846997,0.336426992,0.610726011
27125,0.031477748,0.301507444,0.667014808
27126,0.024016167,0.198414806,0.777569027
27127,0.054442634,0.250523752,0.695033615
27128,0.030122352,0.193878243,0.775999405
27129,0.148268131,0.211332999,0.640398871
27130,0.122059936,0.2860063,0.591933764
27131,0.108758244,0.360189915,0.53105184
27132,0.044724554,0.29014588,0.665129566
27133,0.020510119,0.225317258,0.754172623
27134,0.042738915,0.240419128,0.716841957
27135,0.129162171,0.870094488,0.000743341
27136,0.0212377,0.24092112,0.737841181
27137,0.060532532,0.174368809,0.76509866
27138,0.147172582,0.248258726,0.604568693
27139,0.017446571,0.230073709,0.75247972
27140,0.194959381,0.203529523,0.601511095
27141,0.024986523,0.502354738,0.472658739
27142,0.24117765,0.29056827,0.46825408
27143,0.048279423,0.32413469,0.627585887
27144,0.169855328,0.215088704,0.615055968
27145,0.175297244,0.284712226,0.53999053
27146,0.033510893,0.263534617,0.70295449
27147,0.046225084,0.30853763,0.645237286
27148,0.029230138,0.181156486,0.789613376
27149,0.037001487,0.428566843,0.53443167
27150,0.017121522,0.225570822,0.757307656
27151,0.046282,0.163241877,0.790476123
27152,0.157628606,0.204656864,0.63771453
27153,0.037652265,0.210979402,0.751368333
27154,0.018654516,0.232111564,0.74923392
27155,0.021383497,0.222995758,0.755620746
27156,0.067026068,0.175032722,0.75794121
27157,0.08388218,0.165367593,0.750750227
27158,0.015803352,0.304839704,0.679356944
27159,0.025907849,0.144898324,0.829193827
27160,0.019805529,0.243747566,0.736446906
27161,0.054739936,0.155444337,0.789815727
27162,0.176692966,0.390203373,0.433103662
27163,0.0388411,0.39459535,0.56656355
27164,0.045777265,0.274030088,0.680192646
27165,0.149530682,0.232678243,0.617791075
27166,0.026841086,0.161580795,0.81157812
27167,0.055222523,0.465355078,0.479422399
27168,0.02253278,0.237009442,0.740457778
27169,0.028275946,0.173814287,0.797909767
27170,0.191821009,0.220589864,0.587589127
27171,0.068814245,0.275355746,0.655830009
27172,0.014538795,0.273254019,0.712207186
27173,0.019893722,0.297328605,0.682777673
27174,0.057567112,0.265419227,0.677013661
27175,0.09403314,0.358343003,0.547623857
27176,0.014526263,0.19488937,0.790584367
27177,0.090674674,0.18986084,0.719464486
27178,0.046295645,0.213766681,0.739937674
27179,0.054641961,0.174577876,0.770780163
27180,0.118625892,0.180262648,0.70111146
27181,0.046132567,0.227293932,0.726573501
27182,0.047857427,0.108429378,0.843713196
27183,0.106099244,0.345299934,0.548600822
27184,0.065155198,0.158730737,0.776114065
27185,0.041854539,0.205677369,0.752468093
27186,0.047888854,0.351416311,0.600694835
27187,0.017604253,0.152532681,0.829863066
27188,0.051152622,0.216207807,0.732639571
27189,0.013696595,0.100752827,0.885550578
27190,0.086632894,0.128167684,0.785199422
27191,0.239269464,0.760219271,0.000511265
27192,0.027324465,0.231455309,0.741220225
27193,0.022610052,0.201611722,0.775778226
27194,0.058855854,0.246773812,0.694370334
27195,0.018780671,0.234444573,0.746774756
27196,0.029745802,0.21325084,0.757003357
27197,0.036286107,0.351172323,0.61254157
27198,0.049422222,0.114261514,0.836316263
27199,0.085969895,0.310737261,0.603292843
27200,0.034409771,0.396867012,0.568723218
27201,0.078281414,0.363978151,0.557740435
27202,0.01470337,0.226008443,0.759288186
27203,0.093678919,0.306206747,0.600114334
27204,0.274286501,0.150628197,0.575085302
27205,0.052692978,0.251565615,0.695741407
27206,0.016425105,0.244509101,0.739065794
27207,0.021498885,0.24966569,0.728835426
27208,0.023750992,0.207763481,0.768485527
27209,0.092738859,0.211561967,0.695699175
27210,0.021720659,0.302073191,0.67620615
27211,0.023604866,0.230652292,0.745742842
27212,0.029414466,0.097688873,0.872896661
27213,0.059249881,0.148815451,0.791934669
27214,0.027255431,0.367435347,0.605309222
27215,0.047194319,0.294059023,0.658746658
27216,0.092113279,0.063785536,0.844101185
27217,0.081197088,0.381779017,0.537023895
27218,0.038466221,0.313718083,0.647815696
27219,0.027077245,0.204297753,0.768625003
27220,0.022362942,0.276440885,0.701196174
27221,0.11280665,0.430822407,0.456370943
27222,0.418920121,0.5802834,0.000796479
27223,0.031677735,0.157978295,0.810343971
27224,0.035150458,0.266701458,0.698148084
27225,0.053158295,0.122818627,0.824023078
27226,0.396568546,0.585793839,0.017637614
27227,0.133366828,0.866111298,0.000521874
27228,0.032199518,0.287127241,0.680673242
27229,0.028144952,0.235371251,0.736483797
27230,0.119854784,0.20013878,0.680006436
27231,0.040447365,0.24827411,0.711278525
27232,0.06429617,0.576290796,0.359413034
27233,0.066425658,0.359411289,0.574163052
27234,0.007608864,0.121367084,0.871024053
27235,0.018443939,0.193950434,0.787605627
27236,0.035205231,0.194977184,0.769817585
27237,0.135277934,0.393762929,0.470959138
27238,0.046621852,0.260486155,0.692891993
27239,0.112875621,0.250256478,0.636867901
27240,0.080082893,0.919222789,0.000694319
27241,0.033784246,0.331888027,0.634327727
27242,0.082716848,0.052279567,0.865003586
27243,0.024327899,0.262065272,0.713606828
27244,0.052534737,0.09561309,0.851852173
27245,0.045132723,0.241466561,0.713400716
27246,0.062561363,0.278085585,0.659353052
27247,0.075379548,0.148829628,0.775790824
27248,0.044905363,0.310644962,0.644449675
27249,0.030344341,0.229846127,0.739809531
27250,0.011342532,0.260400753,0.728256714
27251,0.011126286,0.212945372,0.775928342
27252,0.158655461,0.206875116,0.634469423
27253,0.041286287,0.17464598,0.784067733
27254,0.01924785,0.253281318,0.727470831
27255,0.024961179,0.173693297,0.801345524
27256,0.065969473,0.335234283,0.598796244
27257,0.06961595,0.401254211,0.529129839
27258,0.020906763,0.120319808,0.858773429
27259,0.083997885,0.333429362,0.582572753
27260,0.120001202,0.215239117,0.664759681
27261,0.03350782,0.138861864,0.827630317
27262,0.046743927,0.305429137,0.647826936
27263,0.067749134,0.475366298,0.456884568
27264,0.039715529,0.160094584,0.800189887
27265,0.071614742,0.194082332,0.734302926
27266,0.174189356,0.288559957,0.537250687
27267,0.045986774,0.374679253,0.579333973
27268,0.037134021,0.200816664,0.762049315
27269,0.030977398,0.210407373,0.758615229
27270,0.058596584,0.277147111,0.664256304
27271,0.046735023,0.220731483,0.732533494
27272,0.020020867,0.169136177,0.810842956
27273,0.046853485,0.272629476,0.680517038
27274,0.034368632,0.138982124,0.826649244
27275,0.041184493,0.268154182,0.690661325
27276,0.100360325,0.237139757,0.662499918
27277,0.039400384,0.207039738,0.753559878
27278,0.025660103,0.208682327,0.76565757
27279,0.081518578,0.253487138,0.664994284
27280,0.07835601,0.195216561,0.726427429
27281,0.180995142,0.155470579,0.66353428
27282,0.035376969,0.26211333,0.702509701
27283,0.131707571,0.865712372,0.002580058
27284,0.04772472,0.950415863,0.001859417
27285,0.05856063,0.343978691,0.597460679
27286,0.039329311,0.367875632,0.592795058
27287,0.066866211,0.163846289,0.7692875
27288,0.02376525,0.189652559,0.786582191
27289,0.035553978,0.2705465,0.693899522
27290,0.01572852,0.420805104,0.563466376
27291,0.069242503,0.29178215,0.638975346
27292,0.048938414,0.504554565,0.446507021
27293,0.072050936,0.10288652,0.825062543
27294,0.025883294,0.335989493,0.638127214
27295,0.017933336,0.267114118,0.714952546
27296,0.060491365,0.434200328,0.505308307
27297,0.048504286,0.360235977,0.591259737
27298,0.025742349,0.192281788,0.781975862
27299,0.02744455,0.227053305,0.745502145
27300,0.06825222,0.151202842,0.780544938
27301,0.025473812,0.304247494,0.670278693
27302,0.178438041,0.522019503,0.299542456
27303,0.032828007,0.084977601,0.882194392
27304,0.07553243,0.195310608,0.729156962
27305,0.026347079,0.267744699,0.705908222
27306,0.132386061,0.155972365,0.711641574
27307,0.027509712,0.225677701,0.746812587
27308,0.035059464,0.227243689,0.737696847
27309,0.030179485,0.163854012,0.805966503
27310,0.02131798,0.239501967,0.739180054
27311,0.018939931,0.118902021,0.862158048
27312,0.047424314,0.092488538,0.860087149
27313,0.068756114,0.366202494,0.565041391
27314,0.06089638,0.139942545,0.799161076
27315,0.021713922,0.255820056,0.722466022
27316,0.013604417,0.21764801,0.768747574
27317,0.189198942,0.810214032,0.000587026
27318,0.037652669,0.633198995,0.329148336
27319,0.096604568,0.242185609,0.661209823
27320,0.086815664,0.290952506,0.622231831
27321,0.026244523,0.207980352,0.765775125
27322,0.081804052,0.308004733,0.610191215
27323,0.023413745,0.219397643,0.757188612
27324,0.06517468,0.200744182,0.734081138
27325,0.013799479,0.312906398,0.673294122
27326,0.06737026,0.24139217,0.69123757
27327,0.083812602,0.913314179,0.00287322
27328,0.022976346,0.318563023,0.658460632
27329,0.027892296,0.214839836,0.757267867
27330,0.116392353,0.512146996,0.371460651
27331,0.116079914,0.142587677,0.741332409
27332,0.055368018,0.133985852,0.81064613
27333,0.03960452,0.255495455,0.704900025
27334,0.060359318,0.166924914,0.772715768
27335,0.07612208,0.216672307,0.707205614
27336,0.065717288,0.31550105,0.618781662
27337,0.186424808,0.086122825,0.727452367
27338,0.056098975,0.943196819,0.000704207
27339,0.031069022,0.227714481,0.741216497
27340,0.028045793,0.19194664,0.780007566
27341,0.293609634,0.180405476,0.52598489
27342,0.057482701,0.178266069,0.764251231
27343,0.013894303,0.100117433,0.885988264
27344,0.031027647,0.160315245,0.808657109
27345,0.12681189,0.233552496,0.639635614
27346,0.087643389,0.135549376,0.776807235
27347,0.081071056,0.209385821,0.709543123
27348,0.051598256,0.225809212,0.722592532
27349,0.020012393,0.198600936,0.781386671
27350,0.018696482,0.214278451,0.767025067
27351,0.024693836,0.041973018,0.933333145
27352,0.161557243,0.263752163,0.574690594
27353,0.030135129,0.402457148,0.567407723
27354,0.038879878,0.239513064,0.721607058
27355,0.037200769,0.224805983,0.737993249
27356,0.039060957,0.171989251,0.788949792
27357,0.014546612,0.340273389,0.645179999
27358,0.007486029,0.210578278,0.781935693
27359,0.020581395,0.194408546,0.785010059
27360,0.024072583,0.222739655,0.753187762
27361,0.043386112,0.956164984,0.000448904
27362,0.175897923,0.485065089,0.339036988
27363,0.08527551,0.293667215,0.621057276
27364,0.055551989,0.451714108,0.492733903
27365,0.229603244,0.237367271,0.533029484
27366,0.084863386,0.37525123,0.539885384
27367,0.055345294,0.318172381,0.626482325
27368,0.177029918,0.296382309,0.526587773
27369,0.082330188,0.917049974,0.000619838
27370,0.240113637,0.759140142,0.000746221
27371,0.177357195,0.083259877,0.739382928
27372,0.039093932,0.122998254,0.837907813
27373,0.246437007,0.29939821,0.454164782
27374,0.028484831,0.185533585,0.785981584
27375,0.013527507,0.391707279,0.594765214
27376,0.064765636,0.179748527,0.755485837
27377,0.076968809,0.445556935,0.477474256
27378,0.107834198,0.377890103,0.514275699
27379,0.041134758,0.344989347,0.613875895
27380,0.182469522,0.369472596,0.448057882
27381,0.029232879,0.353787747,0.616979374
27382,0.071375887,0.366794672,0.561829441
27383,0.026882803,0.192011912,0.781105285
27384,0.0754803,0.181178267,0.743341433
27385,0.069310403,0.251603251,0.679086346
27386,0.041787967,0.19166691,0.766545122
27387,0.078744745,0.347225405,0.57402985
27388,0.063583071,0.35449097,0.581925959
27389,0.063558647,0.242777362,0.693663991
27390,0.066580411,0.322725909,0.61069368
27391,0.079745104,0.269557256,0.65069764
27392,0.132135836,0.279477375,0.588386789
27393,0.0313262,0.18581255,0.782861249
27394,0.065444174,0.2429354,0.691620426
27395,0.012015057,0.249002733,0.738982211
27396,0.066410856,0.343750546,0.589838599
27397,0.017275816,0.82679501,0.155929175
27398,0.045834243,0.14047069,0.813695067
27399,0.013069702,0.384623732,0.602306566
27400,0.014875873,0.122201011,0.862923115
27401,0.156000971,0.358452369,0.48554666
27402,0.025104127,0.656066275,0.318829599
27403,0.055021958,0.154715253,0.79026279
27404,0.146995127,0.852556592,0.000448282
27405,0.05271557,0.222465956,0.724818475
27406,0.05835499,0.300663264,0.640981746
27407,0.030017418,0.167763456,0.802219126
27408,0.024780023,0.263346534,0.711873443
27409,0.155127604,0.575847588,0.269024808
27410,0.051859344,0.180323714,0.767816942
27411,0.019087002,0.123010754,0.857902244
27412,0.054288606,0.379227785,0.566483609
27413,0.031389895,0.165416093,0.803194012
27414,0.04642047,0.470028266,0.483551264
27415,0.101314135,0.20000132,0.698684545
27416,0.08469935,0.142060595,0.773240056
